90
90673193592484380 46831348518596952 267909103250045284
221405756146964915 186424654324164710 890504426710054240
111157341370415298 9994578135350578 145626330681856224
231673860243175672 96175474973701252 5143128828275680
96013867419309042 32596782990594610 367618210047729223
66167333428448560 15799451508235460 498512251858397474
648431762988169215 404465766467323860 68540020564700473
495990428810520676 18885738079286169 78234271707244663
383559415311140402 166843837396756350 675006289322640220
343033763200378432 34463824966815376 53557503230635933
189225499158751013 180564607640781792 460232581720028364
368343935072019540 267318102809965548 163924717898605739
120037259506978800 13297862015874150 382324722059839046
278021243259829440 257979971062493400 463911998354142588
455910286617884786 167459099031375530 208782463683555650
200109538285010289 49363744160568300 240706982980573720
944241200996631300 242259594615544632 123571133462185542
214940384476010862 10703018569558194 72638084380358484
307082582931576672 32444830435625575 83483632571934910
250 180 5
432557330144274720 409345639517845192 165446898272607852
343629357118037949 4679451420204756 472610987596264192
75300826847265690 8261518418721672 373297028391454862
238743943600197728 208606168320458552 925003158612580576
249547091106509124 4783897035775276 87904966708779930
462792662510415488 127936207661020066 361379784727679388
88250149864040208 57066959308069095 107495602565322180
373868218924203009 110068475810000488 176257064294994456
765389065575425400 201438683288972364 8528746013854698
214583770295363106 69229185582086495 289202872636535760
329844421563242300 272168307499812438 699224428584740420
83716485936440 64528193749358 1938563682
205561667385181119 120145170122748288 15157895919535350
388408355958253464 9980799393476562 372157957394749782
391279766533881459 247399985435506989 183354041923547386
222408383811329412 41350015118554064 46875626258614713
253462616584961972 10567931421935888 267775867591040718
633017514829209001 103027084569292692 671453054252717880
142297327781979860 40867421787744542 387937021871892349
250 180 2
45065654823849248 22145763358690334 171176646724423875
335409455984614092 238039378554736460 787799729458091823
319480330638144992 138289468496064432 284236953298332918
47216103097285788 46165210693233920 5605479616098745
590293694070288075 93785113464380310 156743395662723631
426193744388488444 94532054603213952 474070809732471360
446575340883013577 102440853569408994 700169277227689254
245228252012425644 70152821095283836 108951133082862820
656966125271652759 115845025123221248 3257725387356363
616740931928871920 13551599020239 120993049628257312
250 180 8
614064507855957868 200029622849481743 25936201506490860
675198952120020504 12693828525390824 98003652468530252
695762976748571460 264452967363670360 150838813689150244
221698042627448100 146178912525454150 16389470401140096
268730947250374810 30969612486836015 220370769158820148
197186856612110640 185086778934784610 49950188738000796
617678570881956600 212032392524324568 323815526341700184
250 180 3
603801865643617662 42497323487076815 56149370458221225
470099553951860868 147679126437803736 192062758511508744
72106149636160675 69504745510204970 270634237692886828
650741289190765900 584935419091047174 8077451659288947
1000000000000000000 123456789123456789 987654321987654321
250 180 1
77665544332211 11223344556677 0
183794891922546792 11452403025307152 90439872758023413
402494627858198736 124484637036796004 120430823502705058
132446667731459565 11191094227443300 530420845402911780
817792675546437960 138964541283841284 111105545806462425
367170830405506664 1968088193377358 405256744559600516
250 180 7
493365223605973264 450528798042911455 737695165889638656
408177997100500200 401595501136817280 294155213762357145
201 200 1
250 180 0
185 183 2
956022712934857120 24497078255131785 277430889995585248
250 180 4
136954494940961280 73093304696359080 206252361653160357
306144589086371610 20974525130306495 266425279757945308
444475521822017811 265589661176949173 29406091665712336
302620129558596900 195687843452950264 99272987829424991
465039304799792912 338791582003528386 64194675421129764
514064136509661024 445593343412882624 18475668280185774
238640361667971885 118481167285190344 663165378309285786
821560774550493706 145619782720204108 56512657057403610
250 180 6
716549248506563361 187631808111218376 384016666328928
419207806048124808 9477696772386600 411092707308474780
