100
355 11
755 11
592 91
446 2
5 75
2 3
109 76
823 3
439 40
239 20
837 81
452 71
372 41
816 86
494 92
428 98
2 4
2 99
424 35
373 46
1000 98
398 61
289 48
656 95
440 28
254 30
492 12
40 62
204 41
853 50
921 39
2 1
383 4
1000 5
81 39
808 71
786 52
3 10
918 38
2 5
616 91
924 39
1000 2
991 9
838 46
779 34
950 71
950 95
1000 99
537 11
2 50
2 95
1000 95
875 93
497 91
965 51
270 26
728 33
906 56
950 63
289 65
451 5
684 94
1000 96
226 22
635 54
397 40
712 1
1000 3
793 69
30 46
2 97
67 45
1000 97
871 75
1000 4
582 60
2 96
171 6
915 30
115 64
2 98
758 96
387 98
13 37
2 2
500 44
824 54
551 71
1000 1
24 85
555 27
665 37
958 86
758 85
484 74
95 37
642 34
279 28
740 92
