100
1281246
6704676
2044523
3
4461642
5001361
9999930
7551991
8603593
9999991
12
4936439
8248729
3949061
13
9999973
4
9999998
7783893
3702389
9999999
7203246
9516811
8873129
3132736
8697851
5103067
9309119
615403
9999972
4170220
8460583
3191803
10
1862603
3410821
9999161
2610613
7762723
3929879
6697461
9987391
8291470
4461641
5388168
2872729
559513
1750607
4046177
9971849
2
9999162
9999929
9999931
3910981
7
6
928009
9010879
5094841
2896297
3323191
2196613
8184167
4461643
5
3877633
86293
1403870
10000000
592432
9682616
6537523
9325574
3023326
4572049
6716541
9999995
4751053
9999163
1144
9999997
1264969
983469
1
6987083
5462959
2360890
1221469
11
8237213
5331653
8763892
6463741
8
9999996
9
9999971
1481717
7742461
